/*Name startKM endKM stationEntrySpeed(kmph)*/

NDLS 0.0 0.75 15.0
CSB 1.25 2.0 15.0
TKJ 2.619999999999891 3.37 15.0
PGMD 4.229999999999791 4.98 15.0
NZM 7.249999999999773 8.0 15.0
OKA 10.909999999999854 11.66 15.0
TKD 17.759999999999764 18.51 15.0
TKDC 23.509999999999764 24.26 15.0
FDB 28.049999999999727 28.8 15.0
FDN 32.05999999999972 32.81 15.0
BVH 36.05999999999972 36.81 15.0
AST 45.9699999999998 46.72 15.0
PWL 57.19999999999982 57.95 15.0
RDE 66.50999999999976 67.26 15.0
SHLK 76.93999999999983 77.69 15.0
BNCR 80.41999999999985 81.17 15.0
HDL 87.27999999999975 88.03 15.0
KSV 99.5799999999997 100.33 15.0
CHJ 109.77999999999975 110.53 15.0
AJH 119.78999999999974 120.54 15.0
VRBD 130.8299999999997 131.58 15.0
BTSR 138.1899999999996 138.94 15.0
MTJ 140.59999999999968 141.35 15.0
BAD 150.8199999999997 151.57 15.0
FAR 159.50999999999976 160.26 15.0
DDDM 161.99999999999977 162.75 15.0
KXM 171.00999999999976 171.76 15.0
RNKA 179.98999999999978 180.74 15.0
BFP 189.05999999999972 189.81 15.0
RKM 190.50999999999976 191.26 15.0
AGC 194.38999999999965 195.14 15.0
BHA 204.66999999999962 205.42 15.0
JJ 220.00999999999954 220.76 15.0
MIA 234.39999999999964 235.15 15.0
DHO 246.84999999999968 247.6 15.0
HET 260.4099999999996 261.16 15.0
SIKD 266.3599999999997 267.11 15.0
MRA 274.3399999999997 275.09 15.0
SANK 284.00999999999976 284.76 15.0
NUB 288.00999999999976 288.76 15.0
BAO 293.5699999999997 294.32 15.0
RRU 299.76999999999975 300.52 15.0
BLNR 309.9899999999998 310.74 15.0
GWL 312.8299999999997 313.58 15.0
STLI 321.38999999999965 322.14 15.0
SLV 328.8599999999997 329.61 15.0
ARI 336.27999999999975 337.03 15.0
AEH 346.53999999999974 347.29 15.0
SMTL 349.41499999999974 350.165 15.0
DBA 356.27999999999975 357.03 15.0
KTRA 365.8499999999997 366.6 15.0
SOR 375.4099999999996 376.16 15.0
DAA 385.2099999999996 385.96 15.0
CIRL 392.09999999999945 392.85 15.0
KRQ 398.50999999999954 399.26 15.0
JHS 409.8799999999994 410.63 15.0
JHSA 413.3999999999994 414.15 15.0
BJI 418.35999999999945 419.11 15.0
KHJ 427.0499999999995 427.8 15.0
BAB 435.22999999999956 435.98 15.0
BPW 439.61999999999944 440.37 15.0
BZY 447.22999999999956 447.98 15.0
MZX 455.1099999999997 455.86 15.0
TBT 460.1899999999996 460.94 15.0
DLA 465.7699999999995 466.52 15.0
BJA 470.8099999999995 471.56 15.0
JHA 479.5499999999995 480.3 15.0
DWA 489.4599999999996 490.21 15.0
LAR 499.7899999999995 500.54 15.0
JRO 509.34999999999945 510.1 15.0
JLN 516.3699999999995 517.12 15.0
DUA 527.9299999999995 528.68 15.0
MXS 536.4799999999996 537.23 15.0
KOA 542.7599999999995 543.51 15.0
AGD 554.4299999999995 555.18 15.0
BINA 562.4499999999995 563.2 15.0
KIKA 571.8799999999995 572.63 15.0
MABA 579.7799999999995 580.53 15.0
KAH 588.5799999999995 589.33 15.0
CLHT 593.5999999999995 594.35 15.0
BET 598.1899999999995 598.94 15.0
BAQ 608.0799999999995 608.83 15.0
PAI 616.7799999999995 617.53 15.0
GLG 626.3199999999995 627.07 15.0
SUMR 633.6999999999995 634.45 15.0
SORI 642.0299999999995 642.78 15.0
BHS 647.5499999999995 648.3 15.0
SCI 656.7099999999995 657.46 15.0
SMT 663.9399999999995 664.69 15.0
DWG 673.3799999999995 674.13 15.0
BVB 682.1699999999995 682.92 15.0
SUW 689.6999999999995 690.45 15.0
NSZ 699.2999999999995 700.05 15.0
BPL 700.8199999999995 701.57 15.0
HBJ 706.8499999999995 707.6 15.0
MSO 712.8599999999996 713.61 15.0
MDDP 723.1599999999995 723.91 15.0
ITKL 728.5799999999995 729.33 15.0
ODG 736.6399999999995 737.39 15.0
BKA 748.1699999999995 748.92 15.0
CHQ 754.5999999999995 755.35 15.0
MIG 760.7799999999995 761.53 15.0
BNI 767.5599999999995 768.31 15.0
HBD 774.7399999999996 775.49 15.0
PRKD 783.8599999999996 784.61 15.0
ET 792.4699999999995 793.22 15.0
JUH 795.0799999999995 795.83 15.0
KRTH 803.1299999999995 803.88 15.0
KSLA 809.0199999999995 809.77 15.0
TAKU 814.9099999999995 815.66 15.0
SAHL 819.1099999999996 819.86 15.0
KQE 825.3799999999995 826.13 15.0
POX 832.0199999999995 832.77 15.0
DOH 839.9799999999996 840.73 15.0
MGRD 844.6599999999995 845.41 15.0
BBTR 850.8399999999995 851.59 15.0
GDYA 862.6999999999995 863.45 15.0
DHQ 877.7699999999995 878.52 15.0
MJY 890.5199999999995 891.27 15.0
BZU 899.2099999999995 899.96 15.0
MALK 905.5499999999995 906.3 15.0
BYS 912.1999999999995 912.95 15.0
AMLA 921.9999999999995 922.75 15.0
JKR 933.8899999999995 934.64 15.0
MTY 945.0599999999995 945.81 15.0
HTN 954.3199999999995 955.07 15.0
CCD 960.2199999999995 960.97 15.0
GDKP 969.2199999999995 969.97 15.0
TEO 977.8099999999995 978.56 15.0
PAR 986.7499999999995 987.5 15.0
DDMT 995.3499999999995 996.1 15.0
NRKR 1004.9699999999995 1005.72 15.0
TNH 1011.8999999999995 1012.65 15.0
KLBA 1020.0299999999995 1020.78 15.0
KATL 1030.0799999999995 1030.83 15.0
MER 1039.3099999999995 1040.06 15.0
SNKB 1046.4199999999996 1047.17 15.0
KOHL 1055.2299999999996 1055.98 15.0
KSWR 1065.9099999999996 1066.66 15.0
BWRA 1076.6899999999998 1077.44 15.0
GNQ 1082.9499999999998 1083.7 15.0
NGP 1089.4999999999998 1090.25 15.0
AJNI 1092.4199999999998 1093.17 15.0
KRI 1101.6599999999996 1102.41 15.0
GMG 1108.1399999999996 1108.89 15.0
BTBR 1116.9399999999998 1117.69 15.0
BOK 1124.8599999999997 1125.61 15.0
SNI 1135.4499999999998 1136.2 15.0
TGP 1143.9899999999998 1144.74 15.0
SLOR 1153.9599999999998 1154.71 15.0
VADR 1161.8599999999997 1162.61 15.0
SEGM 1165.7199999999998 1166.47 15.0
CHJC 1169.2999999999997 1170.05 15.0
BPK 1175.8799999999997 1176.63 15.0
SNN 1182.5699999999997 1183.32 15.0
WG 1190.9999999999998 1191.75 15.0
HGT 1199.7899999999997 1200.54 15.0
YNA 1204.8699999999997 1205.62 15.0
NGI 1215.1799999999998 1215.93 15.0
CKNI 1227.3899999999996 1228.14 15.0
WRR 1237.6399999999996 1238.39 15.0
MJRI 1249.8899999999996 1250.64 15.0
BUX 1259.4899999999998 1260.24 15.0
TAE 1269.2199999999998 1269.97 15.0
CPW 1277.2199999999998 1277.97 15.0
VVKN 1278.2199999999998 1278.97 15.0
CD 1283.8599999999997 1284.61 15.0
BUPH 1288.7699999999998 1289.52 15.0
GNVR 1293.4699999999998 1294.22 15.0
BPQ 1297.7499999999998 1298.5 15.0
MAGH 1307.2599999999998 1308.01 15.0
VHGN 1315.8699999999997 1316.62 15.0
WIRR 1325.1599999999996 1325.91 15.0
MKDI 1338.0499999999997 1338.8 15.0
SRUR 1349.4099999999996 1350.16 15.0
VEM 1359.3999999999996 1360.15 15.0
SKZR 1367.4999999999995 1368.25 15.0
RLT 1374.4499999999996 1375.2 15.0
ASAF 1381.8899999999996 1382.64 15.0
RLW 1389.6399999999996 1390.39 15.0
RECH 1395.7699999999998 1396.52 15.0
BPA 1406.1699999999998 1406.92 15.0
MMZ 1415.5299999999997 1416.28 15.0
RVKH 1419.2799999999997 1420.03 15.0
MCI 1425.8199999999997 1426.57 15.0
PPZ 1434.8599999999997 1435.61 15.0
RDM 1439.5299999999997 1440.28 15.0
RGPM 1448.9499999999998 1449.7 15.0
PDPL 1457.0099999999998 1457.76 15.0
KYOP 1465.4499999999998 1466.2 15.0
KOLR 1470.5699999999997 1471.32 15.0
OEA 1476.0799999999997 1476.83 15.0
PTKP 1479.4999999999998 1480.25 15.0
BGSF 1489.9199999999998 1490.67 15.0
JMKT 1496.2599999999998 1497.01 15.0
OPL 1508.2499999999998 1509.0 15.0
HSP 1520.0199999999998 1520.77 15.0
KMPT 1526.2799999999997 1527.03 15.0
KZJE 1532.1399999999996 1532.89 15.0
KZJF 1534.1399999999996 1534.89 15.0
WL 1544.1799999999996 1544.93 15.0
CLE 1556.4899999999996 1557.24 15.0
YGL 1564.1399999999996 1564.89 15.0
NKD 1573.6899999999996 1574.44 15.0
INK 1583.2699999999995 1584.02 15.0
KDM 1589.3099999999995 1590.06 15.0
TAA 1598.4499999999996 1599.2 15.0
MABD 1604.3499999999995 1605.1 15.0
GUU 1615.5699999999995 1616.32 15.0
GLA 1625.3699999999997 1626.12 15.0
DKJ 1628.5999999999995 1629.35 15.0
PPY 1636.9899999999996 1637.74 15.0
MLMG 1642.3799999999997 1643.13 15.0
KMT 1651.6899999999996 1652.44 15.0
PNDP 1661.0799999999995 1661.83 15.0
CKN 1667.4999999999995 1668.25 15.0
NVC 1673.6099999999994 1674.36 15.0
BKL 1679.8799999999994 1680.63 15.0
MTMI 1689.9799999999993 1690.73 15.0
MDR 1696.3199999999993 1697.07 15.0
TNGM 1705.5399999999993 1706.29 15.0
YP 1711.9299999999994 1712.68 15.0
GNN 1721.9099999999994 1722.66 15.0
CVV 1728.3999999999994 1729.15 15.0
KI 1736.2699999999993 1737.02 15.0
RYP 1741.6999999999994 1742.45 15.0
NWBV 1745.3399999999995 1746.09 15.0
VBC 1749.0499999999993 1749.8 15.0
BZA 1752.0499999999993 1752.8 15.0
KCC 1757.0999999999995 1757.85 15.0
KAQ 1760.2999999999993 1761.05 15.0
PVD 1764.1999999999994 1764.95 15.0
CLVR 1767.9999999999993 1768.75 15.0
DIG 1773.7499999999993 1774.5 15.0
KLX 1777.5499999999993 1778.3 15.0
TEL 1783.5599999999993 1784.31 15.0
TSR 1794.9899999999993 1795.74 15.0
MDKU 1798.6899999999994 1799.44 15.0
NDO 1805.4899999999993 1806.24 15.0
MCVM 1810.4899999999993 1811.24 15.0
APL 1817.1799999999994 1817.93 15.0
BPP 1825.9499999999994 1826.7 15.0
SPF 1832.8399999999992 1833.59 15.0
IPPM 1836.8399999999992 1837.59 15.0
CLX 1840.9399999999994 1841.69 15.0
JAQ 1844.1399999999994 1844.89 15.0
VTM 1848.8799999999994 1849.63 15.0
KPLL 1852.7799999999993 1853.53 15.0
KVDU 1857.7799999999993 1858.53 15.0
CJM 1861.3099999999993 1862.06 15.0
UGD 1867.7699999999993 1868.52 15.0
RPRL 1872.1699999999994 1872.92 15.0
ANB 1875.3699999999994 1876.12 15.0
KRV 1881.6299999999994 1882.38 15.0
OGL 1890.4099999999994 1891.16 15.0
SDM 1900.5599999999993 1901.31 15.0
TNR 1908.7399999999993 1909.49 15.0
SKM 1918.3599999999994 1919.11 15.0
UPD 1927.9299999999994 1928.68 15.0
TTU 1941.6799999999994 1942.43 15.0
KVZ 1956.0099999999993 1956.76 15.0
SVPM 1968.2399999999993 1968.99 15.0
BTTR 1972.5599999999993 1973.31 15.0
AXR 1978.8099999999993 1979.56 15.0
TMC 1990.3699999999994 1991.12 15.0
KJJ 1995.0299999999993 1995.78 15.0
PGU 2002.3899999999994 2003.14 15.0
NLR 2006.4499999999994 2007.2 15.0
NLS 2008.9499999999994 2009.7 15.0
VDE 2013.6899999999994 2014.44 15.0
VKT 2022.9599999999994 2023.71 15.0
KMLP 2029.2099999999994 2029.96 15.0
MBL 2035.4199999999994 2036.17 15.0
GDR 2044.7699999999993 2045.52 15.0
ODUR 2053.459999999999 2054.21 15.0
PYA 2059.449999999999 2060.2 15.0
NYP 2072.419999999999 2073.17 15.0
DVR 2083.949999999999 2084.7 15.0
PEL 2091.419999999999 2092.17 15.0
SPE 2099.5899999999992 2100.34 15.0
AKAT 2105.0899999999992 2105.84 15.0
TADA 2112.0499999999993 2112.8 15.0
AKM 2119.499999999999 2120.25 15.0
ELR 2129.079999999999 2129.83 15.0
GPD 2134.6799999999994 2135.43 15.0
KVP 2140.5899999999992 2141.34 15.0
PON 2147.2699999999995 2148.02 15.0
APB 2151.9699999999993 2152.72 15.0
MJR 2155.9699999999993 2156.72 15.0
NPKM 2158.2699999999995 2159.02 15.0
AIP 2159.87 2160.62 15.0
AIPP 2161.67 2162.42 15.0
ENR 2165.84 2166.59 15.0
KAVM 2167.04 2167.79 15.0
WCN 2169.04 2169.79 15.0
TVT 2171.54 2172.29 15.0
VOC 2173.9399999999996 2174.69 15.0
TNP 2176.4399999999996 2177.19 15.0
KOK 2177.5899999999992 2178.34 15.0
BBQA 2179.5899999999992 2180.34 15.0
MASA 2181.8099999999995 2182.56 15.0
